10
0 19 17 34 7 20 10 17 28 15
19 0 10 41 26 3 27 25 15 17
17 10 0 47 23 13 26 15 25 22
34 41 47 0 36 39 25 51 36 24
7 26 23 36 0 27 11 17 35 22
20 3 13 39 27 0 26 27 12 15
10 27 26 25 11 26 0 26 31 14
17 25 15 51 17 27 26 0 39 31
28 15 25 36 35 12 31 39 0 17
15 17 22 24 22 15 14 31 17 0
0         458
12        118
131       255
256       374
164       267
1         111
52        179
125       236
200       313
0         73
# 492 solutions